20
20
-47 -3 45 -9 3 -48 1 -72 38 46 18 26 -10 -25 13 -45 -58 17 19 50
-9 -1 7 -19 -77 -44 -6 -61 48 -8 16 -80 -36 9 30 -56 23 -31 -47 40
-62 38 -99 30 43 -77 41 0 -6 12 32 44 -36 6 1 49 35 -47 17 -18
-83 18 -56 -94 50 15 -53 -8 20 13 48 -35 2 -29 34 -3 27 -76 -63 -47
4 -92 -32 44 -21 -11 -37 -42 -3 13 2 -81 11 0 -84 -44 -54 24 -7 -5
24 -68 46 49 -98 -70 -23 1 -86 16 25 -79 5 -14 35 -32 -48 33 -94 22
-17 -29 4 -91 -7 -55 14 -86 7 -44 20 -18 -48 -68 -81 3 -95 -3 -59 28
-33 -24 -93 -39 -58 -71 8 28 37 4 42 48 40 43 19 -7 -2 -43 -82 -57
-76 -16 25 -51 -27 -71 -48 -8 -92 -15 -65 33 -47 -5 7 12 -18 17 11 -4
-63 20 -17 -2 34 -89 3 -78 41 -70 45 -20 -85 -31 29 -24 -60 15 2 -40
-2 -41 -61 -6 48 -36 -66 10 -68 44 -26 5 38 -52 -64 20 -5 -44 7 43
-43 12 -3 35 24 -81 -69 -95 -37 -17 8 19 -40 -25 -5 27 11 44 -50 -89
-87 -13 -43 -64 20 28 39 9 15 -88 -41 -56 14 24 10 -69 -19 26 -9 32
23 48 50 -3 -2 0 30 -68 -78 25 9 7 -30 -48 -37 5 44 -1 -56 10
-73 11 1 42 -60 4 -2 -34 -53 45 -97 20 13 -42 -62 50 -70 -79 36 -40
18 -82 -53 43 -85 -46 -70 16 1 -48 37 50 8 -91 -12 -83 -46 3 -4 15
-21 -67 -6 -25 23 -74 8 19 -4 32 -88 28 2 -11 26 -93 -28 -79 -33 -36
-40 -26 41 -1 4 32 -2 -56 30 -3 0 28 -60 -74 -27 49 -80 -89 -2 -4
-10 -25 19 -9 -46 50 -51 -6 -7 -34 3 -5 20 40 -21 -73 -32 -1 16 -26
-92 18 -27 -35 -31 45 39 30 -41 -53 17 -21 13 50 9 -36 -56 -61 38 -6
