20
20
34 12 65 87 48 56 24 91 83 74 22 53 17 19 70 39 85 11 45 62
93 78 29 56 41 87 64 90 12 33 55 28 70 16 46 97 73 89 21 34
77 95 62 43 21 74 56 82 67 28 91 37 48 16 88 29 99 41 76 53
12 39 85 67 44 19 54 92 18 63 77 24 51 43 89 30 72 66 53 20
83 27 41 98 57 34 11 90 62 47 38 80 23 67 12 95 30 86 54 78
29 64 73 52 20 99 86 47 33 91 71 39 57 66 82 45 28 94 19 32
14 77 85 40 99 29 58 72 89 22 63 37 91 46 11 57 33 67 84 21
51 68 23 82 45 79 12 53 90 61 14 99 34 88 27 70 59 42 77 64
13 57 68 32 92 46 87 24 31 40 85 50 97 14 79 23 71 65 54 29
96 41 28 77 13 50 82 68 94 27 36 61 12 90 34 81 62 48 53 89
21 84 39 57 75 90 63 12 82 27 46 69 88 34 29 59 96 71 40 83
48 29 67 54 72 19 86 41 95 32 13 99 24 77 58 66 85 43 91 21
60 49 88 32 74 41 97 24 12 83 56 30 63 85 54 19 29 71 68 44
27 94 13 41 81 36 72 57 29 93 68 24 85 49 62 18 74 21 56 97
32 78 14 53 80 49 90 11 28 65 42 19 36 87 56 73 29 94 61 88
77 21 62 98 43 18 54 29 89 74 13 55 32 90 27 81 64 73 12 67
30 86 47 92 53 65 28 14 71 88 19 40 33 97 56 79 63 21 12 84
82 45 17 62 30 70 55 12 91 39 24 67 86 74 22 99 54 83 19 37
51 67 28 79 92 33 85 14 46 72 61 27 99 39 90 47 53 64 18 82
70 56 21 34 93 44 77 14 59 82 48 97 65 32 90 12 49 38 81 24
